0 0.216913 0.197305 0.028925 0.031070
0 0.385563 0.876461 0.030675 0.033004
0 0.354650 0.817531 0.031850 0.033992
0 0.183837 0.676728 0.043125 0.020370
0 0.198625 0.559712 0.044250 0.027160
0 0.313362 0.555350 0.033025 0.024280
0 0.398600 0.551955 0.030100 0.034938
0 0.519537 0.581564 0.031275 0.047572
0 0.569350 0.520144 0.026000 0.028272
0 0.534875 0.519218 0.034800 0.033992
0 0.447862 0.512922 0.033025 0.038848
0 0.411875 0.467757 0.033050 0.030082
0 0.419550 0.418724 0.028300 0.033004
0 0.460250 0.421152 0.027150 0.024280
0 0.460250 0.398313 0.024800 0.019424
0 0.470863 0.324033 0.036575 0.032016
0 0.480600 0.283251 0.034800 0.032016
0 0.561137 0.350247 0.030675 0.033992
0 0.599762 0.378416 0.038325 0.033951
0 0.433113 0.333745 0.027125 0.028148
0 0.254663 0.066214 0.027725 0.029136
0 0.237263 0.110412 0.022425 0.024280
0 0.242575 0.138560 0.031850 0.033992
0 0.230187 0.163807 0.030675 0.039794
0 0.215613 0.223169 0.022925 0.027654
0 0.341788 0.143230 0.031125 0.043169
0 0.368663 0.229918 0.028175 0.025267
0 0.367375 0.209547 0.022750 0.023868
0 0.371937 0.188004 0.021625 0.022016
0 0.354725 0.296852 0.020650 0.023333
0 0.337687 0.210247 0.016275 0.015144
0 0.345625 0.369918 0.026250 0.020576
0 0.314000 0.347695 0.018500 0.024691
0 0.318250 0.327325 0.023500 0.021811
0 0.195913 0.265905 0.023325 0.024156
0 0.341000 0.388025 0.024000 0.025514
0 0.336437 0.429403 0.020925 0.023416
0 0.349963 0.333745 0.025425 0.023292
0 0.373213 0.171193 0.017325 0.016790
