0 0.269688 0.308272 0.025375 0.031276
0 0.068937 0.657860 0.038025 0.041728
0 0.027150 0.897881 0.024200 0.020864
0 0.773688 0.475247 0.035925 0.034774
0 0.851875 0.383066 0.042250 0.045226
0 0.755200 0.370021 0.041200 0.036502
0 0.789475 0.233477 0.025450 0.041770
0 0.853463 0.210000 0.028525 0.036543
0 0.745150 0.120432 0.031700 0.034774
0 0.800100 0.065638 0.023250 0.029547
0 0.874062 0.075206 0.027475 0.031317
0 0.960175 0.079547 0.034850 0.036543
0 0.913688 0.256975 0.026425 0.033045
0 0.976025 0.237819 0.024300 0.026091
0 0.945937 0.359506 0.035875 0.039835
0 0.934813 0.492634 0.032775 0.027819
0 0.865600 0.558724 0.040150 0.031276
0 0.968625 0.579588 0.028550 0.027819
0 0.943788 0.690021 0.027475 0.033045
0 0.868775 0.816996 0.029600 0.026091
0 0.857150 0.696996 0.040150 0.026091
