0 0.550225 0.407963 0.021500 0.051317
0 0.205900 0.893663 0.008200 0.034815
0 0.581050 0.945473 0.018900 0.048148
0 0.255150 0.912366 0.007350 0.036996
0 0.425563 0.655700 0.029625 0.032634
0 0.604563 0.627387 0.024625 0.054856
0 0.767887 0.533601 0.020425 0.058395
0 0.538400 0.063786 0.021500 0.042469
0 0.419613 0.513251 0.031175 0.035391
0 0.315850 0.863519 0.021500 0.044239
0 0.315413 0.780947 0.018825 0.032428
0 0.265650 0.745535 0.026950 0.044239
0 0.203387 0.696152 0.026075 0.048683
0 0.160388 0.794938 0.026075 0.063374
0 0.182800 0.813374 0.020700 0.050123
0 0.692125 0.323909 0.021500 0.060165
0 0.200250 0.820741 0.018000 0.056049
0 0.212800 0.832531 0.010850 0.041276
0 0.267400 0.847284 0.019700 0.056049
0 0.048025 0.726358 0.021500 0.061934
0 0.160312 0.886914 0.013825 0.034156
0 0.222525 0.900988 0.012950 0.034156
0 0.592687 0.469012 0.022575 0.046008
0 0.387037 0.581872 0.024275 0.029506
0 0.068175 0.655597 0.029550 0.064856
0 0.264875 0.913086 0.009500 0.029877
0 0.318500 0.544259 0.026950 0.030988
0 0.598600 0.365494 0.027950 0.069012
0 0.277737 0.555329 0.024275 0.023580
0 0.151250 0.873045 0.016400 0.033416
0 0.248237 0.643807 0.027775 0.029506
0 0.284500 0.636440 0.021500 0.023580
0 0.335125 0.612099 0.024200 0.030947
0 0.342288 0.682140 0.024175 0.029465
0 0.362438 0.754383 0.028675 0.029506
0 0.442175 0.763971 0.023300 0.042757
0 0.510700 0.752901 0.018800 0.044239
0 0.194237 0.893313 0.012525 0.038395
0 0.446488 0.128374 0.022575 0.047778
0 0.409400 0.230123 0.023650 0.049547
0 0.438425 0.308868 0.025800 0.054856
0 0.444875 0.442469 0.025800 0.035391
0 0.406175 0.381420 0.032250 0.040700
0 0.343825 0.308868 0.030100 0.033621
0 0.291150 0.415926 0.034400 0.056626
0 0.358875 0.467243 0.036550 0.046008
0 0.090075 0.589979 0.023400 0.054527
0 0.750150 0.353107 0.019350 0.058395
0 0.556625 0.577840 0.034500 0.040700
0 0.245200 0.914506 0.010800 0.038395
0 0.290350 0.926934 0.016400 0.046214
