0 0.372300 0.486811 0.018900 0.058395
0 0.361400 0.123395 0.015650 0.077325
0 0.559688 0.115679 0.019875 0.072181
0 0.577975 0.116584 0.016700 0.070535
0 0.769600 0.448313 0.019700 0.043292
0 0.744425 0.472984 0.024100 0.051728
0 0.729275 0.486667 0.020950 0.065350
0 0.712638 0.492819 0.020875 0.060123
0 0.682887 0.506564 0.019825 0.060123
0 0.668275 0.507449 0.015650 0.041235
0 0.636962 0.518601 0.013575 0.042963
0 0.607738 0.531481 0.019825 0.054979
0 0.592075 0.533210 0.015650 0.058436
0 0.575375 0.528909 0.015650 0.053292
0 0.542500 0.533210 0.014600 0.051523
0 0.512750 0.526317 0.015650 0.048107
0 0.496037 0.533210 0.013575 0.058436
0 0.480388 0.526337 0.013575 0.054979
0 0.404137 0.499691 0.015775 0.060123
0 0.385925 0.494506 0.016700 0.066955
0 0.354600 0.480720 0.025050 0.063745
0 0.326425 0.466975 0.022950 0.060288
0 0.293025 0.457531 0.027150 0.068889
0 0.299813 0.238519 0.021925 0.108230
0 0.369737 0.227366 0.021925 0.099671
0 0.391137 0.223930 0.020875 0.092798
0 0.499125 0.225638 0.019950 0.092757
0 0.604025 0.210185 0.018900 0.079053
0 0.677100 0.178395 0.016800 0.056708
0 0.690712 0.174959 0.018775 0.056667
0 0.746563 0.141461 0.015675 0.051564
0 0.717337 0.106235 0.013575 0.018889
0 0.366088 0.417222 0.073075 0.060123
0 0.423500 0.424095 0.018800 0.077325
0 0.801887 0.333025 0.032375 0.073868
0 0.834775 0.302099 0.025050 0.053251
0 0.369688 0.683539 0.030375 0.080741
0 0.438062 0.693004 0.027225 0.099671
0 0.550350 0.727366 0.017800 0.079012
0 0.614775 0.723066 0.019950 0.065309
0 0.637788 0.699012 0.030275 0.116872
0 0.660712 0.708457 0.022025 0.073868
0 0.687900 0.697284 0.021900 0.072181
0 0.727562 0.671523 0.034425 0.099671
0 0.748388 0.676667 0.019925 0.068724
0 0.773487 0.665494 0.021925 0.063580
0 0.789675 0.649177 0.035500 0.082469
0 0.822550 0.641440 0.024000 0.070453
0 0.830888 0.621646 0.030275 0.068807
0 0.855438 0.589033 0.031325 0.075597
0 0.874737 0.583889 0.030275 0.079053
0 0.894050 0.555535 0.025050 0.060123
0 0.913375 0.547819 0.032250 0.072181
0 0.478250 0.226502 0.019950 0.104774
0 0.543013 0.216193 0.019825 0.094527
0 0.583213 0.210165 0.020875 0.082469
0 0.644225 0.207613 0.017850 0.080741
0 0.660975 0.193066 0.015650 0.065144
0 0.304450 0.647469 0.025150 0.094527
0 0.938938 0.525473 0.022975 0.054979
0 0.786225 0.357099 0.026100 0.073868
0 0.731950 0.147469 0.017750 0.049835
0 0.479288 0.722222 0.015775 0.068724
0 0.504350 0.724794 0.019950 0.060123
0 0.571150 0.707593 0.024100 0.104815
0 0.322250 0.129424 0.018800 0.075638
0 0.341037 0.124280 0.018775 0.085926
0 0.478838 0.113971 0.018825 0.092798
0 0.498650 0.121687 0.016700 0.073909
0 0.517962 0.118251 0.021925 0.080782
0 0.538837 0.113107 0.021925 0.080782
0 0.788312 0.450720 0.021925 0.061852
0 0.279975 0.235103 0.021900 0.097942
0 0.346262 0.228210 0.020875 0.091070
0 0.456388 0.222202 0.021925 0.089342
0 0.324813 0.656914 0.030375 0.089383
0 0.674538 0.125123 0.038625 0.032634
0 0.742387 0.091626 0.030275 0.030905
0 0.721000 0.153477 0.016700 0.041276
0 0.704813 0.165514 0.021925 0.051523
0 0.625475 0.207593 0.020050 0.077325
0 0.523138 0.219630 0.019925 0.087654
0 0.412537 0.239383 0.019825 0.096214
0 0.320688 0.231646 0.019825 0.097942
0 0.469437 0.436132 0.020875 0.080741
0 0.490250 0.447284 0.023050 0.072181
0 0.515363 0.442984 0.022975 0.091070
0 0.563375 0.447305 0.018800 0.075597
0 0.584775 0.437840 0.024000 0.094527
0 0.609225 0.438704 0.023050 0.096255
0 0.632712 0.420576 0.024075 0.105021
0 0.657837 0.424959 0.030275 0.085885
0 0.678100 0.427531 0.018800 0.073909
0 0.695350 0.415453 0.017800 0.067119
0 0.729338 0.387140 0.029225 0.075597
0 0.749687 0.377695 0.028175 0.084198
0 0.766400 0.362305 0.026100 0.070288
0 0.825362 0.334753 0.020875 0.029177
0 0.855125 0.294362 0.026100 0.054979
0 0.871763 0.368169 0.028275 0.058560
0 0.842013 0.392222 0.029325 0.058601
0 0.815925 0.417119 0.025150 0.056872
0 0.800838 0.427531 0.017725 0.039506
0 0.415100 0.702449 0.023050 0.070412
0 0.524238 0.721358 0.021925 0.080741
0 0.595150 0.720494 0.015750 0.082469
0 0.275288 0.116543 0.020875 0.094486
0 0.255437 0.230802 0.020875 0.089342
0 0.595638 0.120844 0.016725 0.061852
0 0.459512 0.113909 0.017725 0.092840
0 0.438637 0.120844 0.019825 0.079053
0 0.443275 0.433560 0.025150 0.075597
0 0.419850 0.119115 0.015650 0.096255
0 0.401575 0.120844 0.018800 0.089342
0 0.381225 0.118272 0.017750 0.084198
0 0.299287 0.126831 0.020875 0.070453
0 0.761700 0.136296 0.018800 0.054979
0 0.458925 0.717901 0.025150 0.070370
0 0.252837 0.619115 0.021925 0.082510
0 0.281488 0.633621 0.029325 0.115309
0 0.390037 0.674095 0.029325 0.110000
