0 0.266463 0.912942 0.010525 0.022346
0 0.407237 0.237490 0.027375 0.051193
0 0.539087 0.065514 0.027375 0.051193
0 0.447663 0.131029 0.026125 0.055309
0 0.437725 0.311214 0.031100 0.063498
0 0.751800 0.359342 0.022400 0.053251
0 0.768587 0.538498 0.021125 0.063498
0 0.591962 0.477058 0.023625 0.055267
0 0.552775 0.583539 0.037300 0.042963
0 0.603775 0.630638 0.029850 0.059383
0 0.511112 0.751440 0.026125 0.047078
0 0.582013 0.942881 0.023625 0.032757
0 0.184525 0.813272 0.019950 0.053292
0 0.202263 0.820144 0.015775 0.056667
0 0.215312 0.827860 0.014725 0.041235
0 0.270637 0.845905 0.018875 0.049835
0 0.319162 0.863971 0.022025 0.048107
0 0.290988 0.925720 0.017825 0.044856
0 0.071400 0.657243 0.032350 0.071687
0 0.093787 0.588704 0.022375 0.049012
0 0.049625 0.728909 0.021150 0.055267
0 0.407250 0.385947 0.029850 0.040947
0 0.547175 0.413601 0.026100 0.059383
0 0.596938 0.366502 0.023625 0.067572
0 0.692700 0.324527 0.021150 0.061399
0 0.160075 0.793621 0.028600 0.063457
0 0.420675 0.515165 0.037300 0.038889
0 0.151688 0.872551 0.014625 0.034403
0 0.163125 0.883724 0.014700 0.036091
0 0.197100 0.897449 0.013550 0.042963
0 0.208013 0.896626 0.008475 0.027490
0 0.224187 0.901770 0.011575 0.030947
0 0.248237 0.919815 0.011475 0.049835
0 0.258100 0.916358 0.010550 0.036091
0 0.315575 0.778272 0.021150 0.032757
0 0.364700 0.754712 0.032350 0.034774
0 0.343550 0.685103 0.027350 0.030700
0 0.263950 0.743457 0.027350 0.045021
0 0.202375 0.695329 0.028600 0.055267
0 0.249012 0.643128 0.027375 0.032757
0 0.286337 0.632881 0.022375 0.028642
0 0.339825 0.611399 0.022400 0.030700
0 0.277638 0.560206 0.024875 0.030700
0 0.316812 0.545864 0.026125 0.038889
0 0.444925 0.766996 0.028600 0.042963
0 0.424412 0.655412 0.027375 0.028683
0 0.388338 0.581708 0.027375 0.028683
0 0.360350 0.467037 0.038550 0.045021
0 0.443675 0.446564 0.031100 0.040947
0 0.294675 0.420761 0.031100 0.057325
0 0.342562 0.311214 0.037325 0.034774
