0 0.588825 0.065103 0.028050 0.033580
0 0.163687 0.055844 0.014875 0.036132
0 0.132887 0.177037 0.024075 0.038436
0 0.084050 0.188107 0.032550 0.037284
0 0.010875 0.339115 0.021750 0.044897
0 0.606237 0.160885 0.022075 0.032140
0 0.331437 0.093066 0.022925 0.044733
0 0.242800 0.950185 0.020650 0.032058
0 0.388512 0.962798 0.019475 0.041728
0 0.411825 0.905082 0.020050 0.035103
0 0.322738 0.772942 0.015325 0.031070
0 0.296187 0.851626 0.012975 0.040782
0 0.197375 0.805967 0.014750 0.033004
0 0.209775 0.730720 0.014750 0.032058
0 0.528500 0.319177 0.020400 0.039835
0 0.647863 0.260185 0.025475 0.040535
0 0.557113 0.396481 0.028325 0.050494
0 0.109187 0.068663 0.020525 0.033786
0 0.218900 0.213745 0.021950 0.032593
0 0.120338 0.277654 0.013575 0.036379
0 0.068100 0.302819 0.024650 0.039136
0 0.524262 0.100761 0.026325 0.046132
0 0.320925 0.620679 0.014250 0.036420
0 0.333950 0.684198 0.013750 0.048560
0 0.375238 0.659115 0.016725 0.032387
0 0.410150 0.600844 0.019650 0.046955
0 0.461762 0.534486 0.018675 0.033992
0 0.514863 0.505782 0.018675 0.046132
0 0.448238 0.708477 0.022125 0.035638
0 0.251662 0.872016 0.013575 0.042716
0 0.426863 0.792860 0.013575 0.039794
0 0.472287 0.751584 0.015925 0.036914
0 0.444262 0.839486 0.018875 0.032058
0 0.457537 0.907922 0.013575 0.034938
0 0.281437 0.939012 0.018875 0.034979
0 0.040463 0.993292 0.010025 0.013416
0 0.522725 0.897243 0.020050 0.042716
0 0.563850 0.841872 0.018700 0.044733
0 0.602500 0.782510 0.026350 0.054733
0 0.588487 0.887716 0.023775 0.038560
0 0.666637 0.918498 0.023775 0.039136
0 0.664513 0.750700 0.022925 0.039177
0 0.706237 0.677160 0.024075 0.044527
0 0.710900 0.884012 0.017700 0.028930
0 0.757125 0.805823 0.026550 0.031564
0 0.780225 0.879465 0.023600 0.031523
0 0.807750 0.773045 0.023600 0.032346
0 0.745075 0.990988 0.014250 0.018025
0 0.811438 0.967428 0.027025 0.045309
0 0.865500 0.931481 0.029000 0.039918
0 0.931388 0.933025 0.029975 0.049342
0 0.884775 0.832963 0.022950 0.037860
0 0.863575 0.724198 0.024200 0.047572
0 0.758275 0.608169 0.029500 0.034938
0 0.807237 0.517366 0.028325 0.047572
0 0.722875 0.515926 0.020050 0.044691
0 0.666300 0.518827 0.024900 0.040782
0 0.640000 0.450370 0.018300 0.030123
0 0.590137 0.512510 0.030675 0.047572
0 0.682475 0.362016 0.023000 0.047572
0 0.762113 0.413971 0.025375 0.036914
0 0.609912 0.378025 0.020625 0.038848
0 0.852363 0.255679 0.037175 0.056296
0 0.897788 0.172160 0.021825 0.040782
0 0.879212 0.091070 0.036575 0.053416
0 0.827587 0.113416 0.038325 0.043704
0 0.979487 0.117798 0.028325 0.044650
0 0.970062 0.361111 0.018875 0.034156
0 0.930225 0.482901 0.028900 0.036914
0 0.972113 0.564671 0.025375 0.044650
0 0.982738 0.654486 0.024175 0.037860
0 0.110775 0.559588 0.017700 0.039671
0 0.357550 0.745267 0.022400 0.028148
0 0.384387 0.821996 0.018275 0.041770
0 0.323625 0.920082 0.020650 0.033992
0 0.337200 0.972037 0.018300 0.031070
0 0.169075 0.949691 0.020650 0.033045
0 0.137750 0.890453 0.012500 0.036872
0 0.099750 0.918601 0.015350 0.023292
0 0.232650 0.647778 0.012700 0.034815
0 0.130425 0.642119 0.017700 0.041276
0 0.201800 0.871523 0.011800 0.032016
0 0.148125 0.543004 0.017700 0.038848
0 0.204912 0.533272 0.016225 0.040453
0 0.182287 0.466934 0.019175 0.037243
0 0.300988 0.403333 0.017225 0.041152
0 0.258188 0.416152 0.020075 0.030329
0 0.193862 0.334897 0.017625 0.044527
0 0.265550 0.323765 0.029100 0.034362
0 0.433350 0.436091 0.021200 0.026914
0 0.486363 0.395576 0.024975 0.029671
0 0.435075 0.248313 0.021250 0.039177
0 0.466075 0.135720 0.023800 0.040576
0 0.397263 0.096564 0.023775 0.043333
0 0.009125 0.133992 0.018250 0.031605
0 0.272700 0.199753 0.016300 0.041975
0 0.253937 0.111770 0.019825 0.043128
0 0.240138 0.029053 0.021925 0.045432
0 0.035600 0.034403 0.018800 0.039177
