0 0.428937 0.792901 0.017725 0.031317
0 0.588300 0.514012 0.021150 0.035844
0 0.664800 0.519156 0.019900 0.033786
0 0.604150 0.781811 0.023000 0.059424
0 0.979638 0.126358 0.026875 0.044239
0 0.929925 0.483951 0.033150 0.048642
0 0.757675 0.606296 0.026750 0.028642
0 0.865300 0.934074 0.016800 0.028642
0 0.776962 0.874177 0.019275 0.029671
0 0.589725 0.887942 0.026750 0.040823
0 0.413363 0.906379 0.023625 0.036790
0 0.322738 0.925329 0.021275 0.032551
0 0.242125 0.946790 0.017250 0.037695
0 0.204125 0.873909 0.014700 0.039835
0 0.101312 0.918683 0.025075 0.029877
0 0.040387 0.994136 0.013275 0.011728
0 0.409675 0.596811 0.019400 0.039300
0 0.333537 0.684671 0.016425 0.043004
0 0.205125 0.531091 0.020900 0.043004
0 0.108088 0.557490 0.014925 0.039342
0 0.032525 0.032305 0.023200 0.046749
0 0.106050 0.066276 0.023200 0.042428
0 0.164100 0.050350 0.020650 0.044568
0 0.080900 0.178827 0.032250 0.046708
0 0.010462 0.132099 0.020925 0.033992
0 0.129275 0.174568 0.018050 0.046749
0 0.266650 0.325329 0.032250 0.038230
0 0.192475 0.335926 0.023200 0.042469
0 0.527613 0.319115 0.023875 0.044239
0 0.460337 0.915597 0.020525 0.036955
0 0.118950 0.277551 0.023200 0.053045
0 0.220213 0.213848 0.029675 0.061605
0 0.271813 0.200041 0.021925 0.042469
0 0.328563 0.089650 0.021925 0.046708
0 0.393700 0.091749 0.025800 0.046708
0 0.465300 0.144835 0.024500 0.055185
0 0.523988 0.099198 0.033525 0.044568
0 0.586550 0.065206 0.037400 0.044568
0 0.602038 0.156502 0.027075 0.053086
0 0.433688 0.243580 0.028375 0.057366
0 0.432812 0.434609 0.019425 0.031934
0 0.486175 0.397140 0.021650 0.038066
0 0.463425 0.534753 0.020900 0.030741
0 0.322337 0.618313 0.016425 0.035638
0 0.145038 0.541523 0.018675 0.039342
0 0.472562 0.753066 0.015125 0.032716
0 0.383325 0.821235 0.015550 0.037860
0 0.609762 0.383477 0.020525 0.030741
0 0.681600 0.362984 0.028600 0.047119
0 0.824225 0.116790 0.034950 0.045679
0 0.877075 0.096893 0.027750 0.056008
0 0.896337 0.172819 0.017925 0.039794
0 0.967113 0.364506 0.025075 0.042757
0 0.972938 0.565802 0.025975 0.047160
0 0.930625 0.934527 0.029250 0.041893
0 0.668413 0.918210 0.024875 0.035844
0 0.567638 0.840329 0.017425 0.044115
0 0.442913 0.840844 0.019275 0.040864
0 0.337463 0.973189 0.022925 0.027284
0 0.280587 0.940370 0.017275 0.043374
0 0.169350 0.946091 0.022900 0.043374
0 0.130850 0.642901 0.020150 0.045473
0 0.009813 0.333827 0.019625 0.055226
0 0.068000 0.306214 0.032250 0.050947
0 0.238912 0.029115 0.023225 0.044568
0 0.253750 0.116173 0.024500 0.053086
0 0.258500 0.413128 0.021650 0.035638
0 0.302175 0.402037 0.020900 0.045473
0 0.553737 0.394053 0.025375 0.046708
0 0.514550 0.504033 0.023150 0.038107
0 0.375713 0.657037 0.015675 0.034403
0 0.181987 0.469630 0.019425 0.047901
0 0.232750 0.650267 0.020900 0.040535
0 0.209600 0.730741 0.019400 0.036872
0 0.360687 0.744527 0.021175 0.025597
0 0.445575 0.705432 0.014700 0.031276
0 0.322975 0.774650 0.016800 0.032757
0 0.638375 0.450535 0.018050 0.031770
0 0.666662 0.754671 0.026125 0.037901
0 0.647188 0.258066 0.024625 0.045514
0 0.853337 0.263519 0.046575 0.064897
0 0.758387 0.416852 0.014325 0.041276
0 0.721200 0.517860 0.022400 0.051605
0 0.803175 0.520082 0.025100 0.047160
0 0.706050 0.676934 0.025500 0.043004
0 0.805275 0.770185 0.022400 0.028765
0 0.754875 0.805967 0.032350 0.032510
0 0.863750 0.727119 0.018650 0.038930
0 0.885525 0.836687 0.021150 0.038889
0 0.983812 0.662613 0.023625 0.036831
0 0.711650 0.884362 0.018050 0.033663
0 0.809625 0.966276 0.024900 0.041852
0 0.522225 0.900226 0.022400 0.047202
0 0.389100 0.962634 0.019900 0.038930
0 0.744187 0.991708 0.019175 0.016584
0 0.299387 0.850432 0.015975 0.046955
0 0.251862 0.866790 0.014275 0.039835
0 0.198937 0.807037 0.019875 0.045514
0 0.136738 0.889897 0.018125 0.037654
