0 0.594089 0.377056 0.008083 0.013296
0 0.638102 0.276694 0.007464 0.013296
0 0.481492 0.299917 0.006536 0.038741
0 0.408867 0.330190 0.007161 0.018546
0 0.354276 0.277384 0.006531 0.016898
0 0.386471 0.257894 0.007776 0.011083
0 0.382427 0.221949 0.006844 0.024917
0 0.054036 0.910352 0.016823 0.056389
0 0.053073 0.548167 0.016646 0.074796
1 0.071122 0.622796 0.078682 0.047037
1 0.103104 0.782310 0.046615 0.036454
1 0.204833 0.798042 0.035573 0.024917
0 0.262745 0.770782 0.017896 0.073843
0 0.428500 0.966958 0.010510 0.050157
1 0.210932 0.915708 0.014896 0.016824
1 0.250453 0.945620 0.009813 0.023685
0 0.713294 0.312083 0.008557 0.014407
1 0.399182 0.801537 0.035052 0.026222
1 0.349310 0.684315 0.040745 0.066463
1 0.403169 0.478037 0.042203 0.027241
1 0.716812 0.802838 0.023135 0.053583
1 0.728484 0.745204 0.025062 0.019315
1 0.894935 0.956528 0.016839 0.042185
1 0.821612 0.615792 0.034443 0.058194
1 0.603013 0.324481 0.006516 0.053870
1 0.415641 0.425625 0.004833 0.051972
1 0.439404 0.272699 0.018714 0.019102
1 0.386404 0.607704 0.025120 0.041278
0 0.468648 0.634764 0.012172 0.044324
0 0.555750 0.623944 0.011052 0.053315
0 0.632828 0.583986 0.006740 0.020676
0 0.700638 0.673565 0.015359 0.033333
0 0.818232 0.682236 0.006245 0.022194
0 0.831568 0.709986 0.005073 0.007861
0 0.864734 0.691486 0.004552 0.008324
0 0.841388 0.671019 0.004682 0.009944
0 0.947193 0.829384 0.008177 0.008139
0 0.816224 0.537625 0.008750 0.017139
0 0.839247 0.535181 0.004318 0.010750
0 0.842987 0.507352 0.007109 0.007537
0 0.843974 0.492394 0.005490 0.007694
0 0.859411 0.482954 0.010083 0.006407
0 0.856216 0.476713 0.005130 0.007056
0 0.840875 0.475917 0.004667 0.010574
0 0.831107 0.460394 0.005130 0.011528
0 0.813557 0.459755 0.005490 0.014102
0 0.790453 0.449162 0.007615 0.021139
0 0.768737 0.385491 0.010266 0.009704
0 0.784133 0.387838 0.005599 0.011083
0 0.797898 0.386176 0.006068 0.014407
0 0.794708 0.352588 0.004979 0.011917
0 0.772081 0.349130 0.004818 0.011093
0 0.790745 0.320102 0.008865 0.009981
0 0.736622 0.359222 0.009797 0.022981
0 0.713138 0.406917 0.010422 0.017722
0 0.683982 0.376917 0.005599 0.018000
0 0.427682 0.223190 0.004667 0.015787
0 0.464385 0.181861 0.004354 0.014407
0 0.479547 0.208417 0.004823 0.016037
0 0.497357 0.184764 0.007464 0.018546
0 0.517263 0.201352 0.005911 0.016889
0 0.549375 0.230657 0.006687 0.013574
0 0.586781 0.241023 0.006844 0.014954
0 0.600466 0.224991 0.005911 0.008870
0 0.613529 0.214208 0.007464 0.012750
0 0.642068 0.227065 0.005135 0.009148
0 0.649844 0.190981 0.009177 0.010537
0 0.656531 0.219046 0.006062 0.010815
0 0.661818 0.200796 0.004823 0.010815
0 0.669594 0.216694 0.005135 0.010537
0 0.693310 0.214759 0.008089 0.006111
0 0.686622 0.190153 0.003422 0.012194
0 0.590224 0.895926 0.008583 0.041833
0 0.697255 0.889787 0.008396 0.063407
0 0.271068 0.232468 0.004021 0.015435
0 0.270289 0.192375 0.004797 0.012213
0 0.293229 0.179935 0.004792 0.019130
0 0.225904 0.110009 0.003370 0.016593
0 0.495896 0.404991 0.008833 0.010130
0 0.517271 0.418815 0.006740 0.017963
0 0.656375 0.316093 0.007312 0.014130
0 0.560159 0.347745 0.003734 0.013602
0 0.636935 0.370972 0.008557 0.021037
0 0.618974 0.360884 0.006844 0.015787
