0 0.231266 0.265750 0.016177 0.064426
0 0.537357 0.664282 0.013422 0.042954
0 0.536315 0.597458 0.014161 0.045343
0 0.524604 0.587917 0.012083 0.052500
0 0.462857 0.760333 0.014766 0.063241
0 0.422552 0.791954 0.026917 0.033407
0 0.410471 0.775250 0.029599 0.031019
0 0.402753 0.738856 0.030266 0.029824
0 0.402753 0.714398 0.031609 0.019093
0 0.400068 0.669648 0.035635 0.032222
0 0.393693 0.568824 0.047052 0.042963
0 0.492052 0.573597 0.012750 0.050120
0 0.579643 0.438764 0.014766 0.040565
0 0.550078 0.491866 0.014833 0.053694
