0 0.270352 0.915083 0.011380 0.039481
0 0.167669 0.626287 0.005016 0.029722
0 0.179659 0.741005 0.006870 0.032491
0 0.217893 0.693426 0.008682 0.020278
0 0.246599 0.699532 0.009073 0.036639
0 0.232148 0.775218 0.008422 0.037787
0 0.175255 0.636977 0.007646 0.037324
0 0.368849 0.434773 0.008083 0.025713
0 0.397388 0.388736 0.012911 0.032065
0 0.453607 0.344778 0.011505 0.028204
0 0.465818 0.386384 0.009177 0.030139
0 0.504385 0.387218 0.011354 0.021843
0 0.538755 0.393986 0.009490 0.021565
0 0.567292 0.430764 0.014927 0.029306
0 0.524367 0.481907 0.016797 0.038704
0 0.450576 0.507898 0.012286 0.042574
0 0.409672 0.533056 0.009177 0.039815
0 0.423982 0.460759 0.008557 0.026815
0 0.460062 0.457440 0.011042 0.028472
0 0.469062 0.586389 0.011354 0.045926
0 0.427247 0.601069 0.008245 0.041472
0 0.522115 0.555731 0.011667 0.040370
0 0.282669 0.745384 0.007651 0.034509
0 0.454831 0.974144 0.010078 0.045454
0 0.361883 0.591431 0.010974 0.037824
0 0.743279 0.467454 0.006349 0.012444
0 0.857003 0.419532 0.006995 0.021194
0 0.858104 0.391074 0.007125 0.012667
