1 0.215977 0.364630 0.111474 0.100815
1 0.093240 0.332032 0.105260 0.147769
0 0.506164 0.681977 0.018880 0.031213
0 0.459232 0.727292 0.015641 0.048954
1 0.336099 0.774528 0.031021 0.125204
1 0.638872 0.451042 0.063391 0.033620
0 0.674344 0.536875 0.021042 0.032657
0 0.612979 0.552458 0.023469 0.021620
0 0.654247 0.489880 0.010516 0.033611
0 0.608664 0.522731 0.026161 0.019704
0 0.542432 0.549847 0.024302 0.037398
0 0.449521 0.480056 0.015375 0.034093
0 0.534352 0.440491 0.016182 0.030741
0 0.501849 0.443389 0.018615 0.023019
0 0.458693 0.389926 0.009438 0.035000
0 0.387888 0.353963 0.018880 0.017741
0 0.337313 0.232162 0.033177 0.034046
1 0.124888 0.044574 0.052068 0.089074
