0 0.685381 0.130241 0.002625 0.010384
0 0.667411 0.138678 0.002054 0.012546
0 0.721548 0.180867 0.002853 0.012549
0 0.687777 0.176324 0.002625 0.011250
0 0.693938 0.216672 0.002625 0.011900
0 0.695934 0.178703 0.003195 0.006058
0 0.676539 0.190279 0.001825 0.010169
0 0.628349 0.381120 0.002443 0.005509
0 0.604295 0.111582 0.002140 0.009465
0 0.654805 0.148307 0.001711 0.008437
0 0.648815 0.113041 0.002739 0.007141
0 0.655204 0.122777 0.002510 0.009303
0 0.135828 0.892157 0.003350 0.006352
0 0.331494 0.691983 0.011232 0.030294
0 0.406985 0.666777 0.005121 0.028905
0 0.432411 0.613936 0.005975 0.043012
0 0.431741 0.750375 0.007317 0.036537
0 0.429844 0.721469 0.004037 0.012025
1 0.457465 0.947728 0.071121 0.073289
0 0.387257 0.564299 0.006819 0.016958
0 0.464695 0.537994 0.007632 0.017150
0 0.495385 0.608622 0.008851 0.023896
0 0.535018 0.602069 0.008853 0.024282
0 0.566222 0.562275 0.004775 0.014838
0 0.595744 0.564299 0.004471 0.018884
0 0.538885 0.530189 0.006403 0.017729
0 0.602044 0.497524 0.007521 0.018692
0 0.568712 0.478928 0.002845 0.015417
0 0.544881 0.476712 0.003556 0.018692
0 0.534073 0.415492 0.005250 0.013813
0 0.569727 0.420791 0.005928 0.015738
0 0.596318 0.423280 0.004235 0.016861
0 0.611750 0.608891 0.006910 0.016574
0 0.643049 0.565821 0.007114 0.015993
0 0.669929 0.561870 0.003149 0.010792
0 0.688882 0.610046 0.008130 0.016958
0 0.679279 0.671714 0.009451 0.028137
0 0.650676 0.523054 0.003903 0.010637
0 0.642444 0.477613 0.002317 0.005782
0 0.687138 0.523286 0.006097 0.017113
0 0.504703 0.218589 0.003781 0.012257
0 0.745978 0.509295 0.005487 0.009479
0 0.682565 0.509641 0.002805 0.004625
0 0.529581 0.236166 0.005731 0.015956
0 0.569153 0.283225 0.003416 0.015727
0 0.588726 0.315484 0.003049 0.016880
0 0.602811 0.357109 0.004391 0.018731
0 0.621347 0.341383 0.003170 0.011794
0 0.217953 0.684032 0.008196 0.017759
0 0.246416 0.652953 0.009805 0.022201
0 0.344435 0.888318 0.006321 0.015317
0 0.143104 0.933440 0.005092 0.008324
0 0.387754 0.125512 0.004756 0.014338
0 0.424278 0.156846 0.005365 0.015493
0 0.388303 0.090824 0.003170 0.015264
0 0.325798 0.081920 0.003549 0.012720
0 0.466655 0.136843 0.002317 0.009713
0 0.494033 0.167137 0.003170 0.013412
0 0.483728 0.201709 0.004512 0.011794
0 0.763417 0.508716 0.004268 0.012488
0 0.744820 0.495766 0.002196 0.009250
0 0.747625 0.461542 0.003903 0.009250
0 0.731893 0.443157 0.003171 0.013181
0 0.711589 0.421420 0.005243 0.014567
0 0.750247 0.418876 0.002805 0.010405
0 0.786831 0.399797 0.002805 0.007863
0 0.792136 0.393553 0.002195 0.004625
0 0.767929 0.379332 0.002074 0.008095
0 0.758341 0.370500 0.001951 0.008556
0 0.741344 0.375979 0.002317 0.006477
0 0.792319 0.361758 0.002561 0.006706
0 0.774105 0.333543 0.002384 0.005558
0 0.807802 0.303345 0.002294 0.006579
0 0.798245 0.285167 0.001881 0.005241
0 0.798363 0.269889 0.002234 0.006801
0 0.781396 0.267213 0.002529 0.006579
0 0.789541 0.250674 0.002705 0.009144
0 0.773339 0.254354 0.002411 0.007361
0 0.770722 0.272087 0.001881 0.008252
0 0.767022 0.301119 0.003383 0.011711
0 0.756559 0.284390 0.002253 0.008178
0 0.756901 0.318637 0.003627 0.011431
0 0.746782 0.288666 0.002794 0.010595
0 0.733109 0.282345 0.002206 0.008736
0 0.745948 0.265153 0.001421 0.007806
0 0.754647 0.259391 0.001960 0.007806
0 0.754010 0.243360 0.002549 0.010688
0 0.149141 0.876157 0.005222 0.009769
0 0.719263 0.258369 0.002745 0.008363
0 0.726051 0.223380 0.001912 0.006412
0 0.713088 0.238388 0.001960 0.007808
0 0.747675 0.351785 0.003080 0.007787
0 0.733528 0.337830 0.002625 0.007572
0 0.713847 0.352218 0.003195 0.009519
0 0.699300 0.348215 0.001940 0.008870
0 0.711794 0.302023 0.002738 0.009519
0 0.700042 0.298887 0.002281 0.008440
0 0.712079 0.274979 0.002625 0.008222
0 0.690059 0.257456 0.002625 0.010384
0 0.736024 0.244940 0.002253 0.007713
0 0.152140 0.875488 0.008115 0.016995
0 0.154645 0.870068 0.008469 0.015257
0 0.154963 0.864648 0.004164 0.007093
0 0.134526 0.804234 0.010764 0.028426
0 0.199908 0.795321 0.003132 0.016058
0 0.202392 0.576566 0.010121 0.024280
0 0.228483 0.540017 0.005256 0.015516
0 0.268184 0.501178 0.004146 0.016880
0 0.373059 0.406481 0.009268 0.019426
0 0.364706 0.476088 0.004023 0.018500
0 0.406107 0.402897 0.004390 0.012720
0 0.409278 0.344043 0.006097 0.015725
0 0.434033 0.366822 0.004878 0.018269
0 0.462509 0.415153 0.008171 0.021968
0 0.498971 0.418390 0.004512 0.015493
0 0.466716 0.341037 0.005609 0.024977
0 0.507136 0.315010 0.005255 0.016442
0 0.490130 0.269581 0.005609 0.015264
0 0.416778 0.232350 0.003292 0.013875
0 0.418485 0.208762 0.004023 0.012949
0 0.432509 0.203905 0.005731 0.015264
0 0.404760 0.241483 0.007573 0.015956
0 0.405925 0.228881 0.003048 0.005549
0 0.375437 0.272355 0.004756 0.011563
0 0.340134 0.262296 0.003658 0.007167
0 0.373181 0.198240 0.008293 0.016882
0 0.364401 0.145284 0.002439 0.008558
