0 0.123617 0.495319 0.009932 0.027972
0 0.164641 0.471181 0.011427 0.036306
0 0.190674 0.426329 0.012547 0.027306
0 0.243688 0.434153 0.010677 0.028972
0 0.236661 0.351403 0.013490 0.026639
0 0.254549 0.376208 0.014422 0.024972
0 0.281708 0.380704 0.011052 0.025981
0 0.306060 0.401514 0.007682 0.028972
1 0.241214 0.992565 0.033406 0.014426
1 0.671052 0.812144 0.012677 0.020139
1 0.547109 0.984713 0.181260 0.030574
1 0.631536 0.884528 0.057187 0.042241
1 0.461878 0.811847 0.046932 0.090343
1 0.342115 0.734139 0.074771 0.037463
0 0.268016 0.609606 0.009365 0.046620
0 0.183727 0.568653 0.008620 0.025972
0 0.539266 0.439144 0.013677 0.030972
0 0.515010 0.594324 0.010490 0.034963
0 0.478576 0.484769 0.008432 0.037630
0 0.418635 0.523727 0.009927 0.023639
0 0.371995 0.480505 0.007302 0.026972
0 0.338464 0.531954 0.010302 0.022648
0 0.287234 0.485333 0.010115 0.033296
0 0.349237 0.366884 0.007870 0.022306
0 0.341839 0.401519 0.009552 0.022315
