0 0.803512 0.674322 0.034075 0.031409
0 0.272037 0.743266 0.028775 0.024959
0 0.058800 0.773157 0.019600 0.022358
0 0.103012 0.873821 0.022925 0.017398
0 0.289300 0.878171 0.030950 0.026098
1 0.933438 0.595285 0.070125 0.080325
1 0.956125 0.714810 0.045450 0.108808
1 0.945362 0.910921 0.050625 0.095393
0 0.924162 0.834119 0.016625 0.018374
0 0.930413 0.826043 0.014075 0.013171
0 0.940638 0.811816 0.016625 0.020813
0 0.867225 0.804810 0.016900 0.019973
0 0.826138 0.756870 0.018025 0.019973
0 0.799275 0.726789 0.021550 0.022195
0 0.787113 0.709404 0.021025 0.023957
0 0.785825 0.652818 0.034100 0.032466
0 0.819500 0.688076 0.043000 0.037940
0 0.833375 0.719512 0.021750 0.023306
0 0.858475 0.734661 0.036400 0.036694
0 0.873762 0.741883 0.042525 0.043333
0 0.883475 0.756504 0.045400 0.042927
0 0.893700 0.773171 0.018500 0.017344
0 0.897825 0.788076 0.028750 0.025474
0 0.834512 0.876098 0.023025 0.025637
0 0.827625 0.857182 0.018750 0.017886
0 0.818713 0.847209 0.021275 0.020596
0 0.811962 0.840027 0.020275 0.021409
0 0.804837 0.833117 0.023525 0.022764
0 0.767587 0.788401 0.021025 0.022764
0 0.196550 0.965136 0.026900 0.020407
0 0.755212 0.773631 0.018775 0.021409
0 0.733463 0.747588 0.021775 0.024065
0 0.716838 0.727669 0.019525 0.022168
0 0.705962 0.708726 0.024275 0.026558
0 0.692088 0.692873 0.020525 0.021951
0 0.684963 0.684336 0.023275 0.023306
0 0.674338 0.666585 0.046525 0.046341
