0 0.481375 0.389972 0.012677 0.049389
0 0.451977 0.349935 0.014839 0.046037
0 0.082716 0.328833 0.016453 0.036444
0 0.485693 0.451116 0.025625 0.042194
0 0.468969 0.485157 0.027781 0.027815
0 0.454268 0.517528 0.024818 0.019667
0 0.505654 0.459722 0.012141 0.021148
0 0.590078 0.524241 0.014833 0.064741
0 0.548000 0.471231 0.028323 0.048963
0 0.704445 0.534792 0.062307 0.064731
0 0.688664 0.548935 0.014568 0.017259
0 0.651310 0.429032 0.075255 0.040324
0 0.597091 0.436463 0.029401 0.051352
0 0.520219 0.397884 0.012677 0.046991
0 0.532747 0.390907 0.012432 0.042722
0 0.546773 0.357824 0.021609 0.043685
0 0.642003 0.312269 0.026432 0.064778
0 0.563375 0.259759 0.049365 0.094037
0 0.355818 0.250431 0.046938 0.048435
0 0.783479 0.292412 0.041583 0.055583
1 0.915862 0.438329 0.104318 0.078324
1 0.787750 0.009912 0.023375 0.019824
1 0.470031 0.107699 0.169604 0.084009
0 0.544211 0.569532 0.014318 0.017306
0 0.094448 0.310616 0.021042 0.061380
0 0.166737 0.415866 0.008630 0.030213
0 0.409495 0.438889 0.022656 0.035963
0 0.436063 0.397884 0.020771 0.079602
0 0.516711 0.478181 0.027245 0.039843
0 0.520354 0.545074 0.035063 0.051833
0 0.535187 0.609116 0.009708 0.026380
0 0.649286 0.665917 0.023198 0.033611
0 0.577133 0.656083 0.006745 0.025463
0 0.592641 0.650333 0.015104 0.012037
0 0.547729 0.665940 0.009979 0.020139
0 0.557440 0.687995 0.012141 0.017269
0 0.590078 0.667111 0.009437 0.020667
0 0.595471 0.673588 0.011599 0.013472
0 0.605305 0.690370 0.009734 0.024981
0 0.567003 0.568574 0.012974 0.017315
0 0.552586 0.537884 0.013755 0.015398
