0 0.284575 0.382078 0.036650 0.032634
0 0.201587 0.292737 0.025175 0.025802
0 0.273087 0.236029 0.019925 0.077325
0 0.156700 0.105453 0.014700 0.029177
0 0.911950 0.545309 0.017750 0.039506
0 0.657262 0.513539 0.013575 0.037778
0 0.706325 0.513539 0.013550 0.037778
0 0.744425 0.579691 0.016700 0.046379
1 0.641600 0.476605 0.042800 0.036091
0 0.797662 0.394115 0.014625 0.039506
0 0.733988 0.197366 0.014625 0.054979
0 0.864988 0.193086 0.019825 0.053251
0 0.830538 0.478313 0.015675 0.039506
0 0.855062 0.567654 0.014625 0.032675
0 0.655687 0.754938 0.012525 0.029218
0 0.694837 0.885535 0.019825 0.036091
0 0.771037 0.855473 0.015675 0.041235
0 0.792438 0.766111 0.014625 0.034362
0 0.732425 0.707675 0.015650 0.048107
0 0.631688 0.585679 0.014625 0.027490
0 0.117087 0.251502 0.022975 0.032634
0 0.010575 0.252366 0.016800 0.048107
0 0.096200 0.484383 0.014600 0.034527
0 0.191200 0.429321 0.025050 0.034362
0 0.145787 0.542737 0.019825 0.020617
0 0.207375 0.639835 0.017750 0.029218
0 0.357163 0.604609 0.012525 0.027490
0 0.515838 0.242058 0.012525 0.051523
0 0.540888 0.041029 0.012525 0.054979
0 0.597763 0.084835 0.021925 0.077325
0 0.586813 0.239486 0.020875 0.073868
0 0.542975 0.331399 0.016700 0.054979
0 0.632212 0.388086 0.011475 0.048107
0 0.595687 0.471420 0.011475 0.036091
0 0.585762 0.537593 0.012525 0.034362
0 0.484513 0.565947 0.012525 0.036091
0 0.347250 0.939650 0.024000 0.044650
0 0.553900 0.708560 0.017800 0.039506
0 0.623862 0.687922 0.017725 0.046379
0 0.682837 0.645844 0.020875 0.041235
