0 0.175338 0.280617 0.007425 0.042963
0 0.801625 0.150041 0.015750 0.015473
0 0.801625 0.284938 0.017850 0.013745
0 0.802662 0.385185 0.019925 0.015638
0 0.800050 0.408642 0.018900 0.013745
0 0.800062 0.470494 0.020975 0.013745
0 0.796925 0.830370 0.008450 0.019095
0 0.165950 0.114815 0.009500 0.054979
0 0.246363 0.113951 0.011475 0.042963
0 0.257800 0.113951 0.011600 0.042963
0 0.292237 0.056399 0.011575 0.044650
0 0.311550 0.051255 0.012650 0.037819
0 0.371625 0.058107 0.011500 0.044691
0 0.475475 0.062428 0.008350 0.029218
0 0.594475 0.058971 0.006250 0.042963
0 0.646625 0.058128 0.010550 0.037819
0 0.737975 0.057243 0.009450 0.039588
0 0.760450 0.058128 0.008350 0.037819
0 0.453512 0.116543 0.008475 0.041235
0 0.509925 0.109671 0.010450 0.044691
0 0.542225 0.115679 0.008450 0.049794
0 0.646675 0.105370 0.008350 0.039547
0 0.729600 0.115679 0.009500 0.049794
0 0.738525 0.108807 0.008350 0.032675
0 0.331962 0.275556 0.013575 0.043128
0 0.379450 0.279753 0.014600 0.054979
0 0.520888 0.219630 0.011475 0.051523
0 0.699850 0.219630 0.012650 0.048148
0 0.568438 0.287551 0.012625 0.056584
0 0.649800 0.286626 0.012550 0.054979
0 0.661800 0.283210 0.009400 0.051523
0 0.779238 0.287490 0.012525 0.056708
0 0.102325 0.467037 0.024000 0.054979
0 0.223400 0.647469 0.036550 0.061852
0 0.761875 0.649156 0.010750 0.037160
0 0.780150 0.481934 0.017200 0.063704
0 0.780150 0.412922 0.017200 0.053086
0 0.754350 0.414691 0.017200 0.046008
0 0.741987 0.474856 0.016125 0.063704
0 0.775350 0.758416 0.024900 0.017901
0 0.776162 0.777860 0.025325 0.015885
0 0.775362 0.794506 0.021775 0.017078
0 0.775087 0.860700 0.023325 0.017695
0 0.388875 0.466008 0.010750 0.031852
0 0.446925 0.425309 0.010750 0.028313
0 0.438800 0.471255 0.014100 0.035267
0 0.471838 0.423951 0.008775 0.030864
0 0.513112 0.427284 0.010825 0.028148
0 0.543112 0.426296 0.010825 0.030123
0 0.568713 0.466049 0.010075 0.030206
0 0.583475 0.466955 0.008650 0.033169
0 0.594825 0.473045 0.011150 0.031193
0 0.493762 0.464815 0.011125 0.025185
0 0.801625 0.207593 0.017850 0.020617
0 0.801625 0.300329 0.019950 0.013827
0 0.801625 0.340761 0.015750 0.015432
0 0.800062 0.436975 0.020975 0.018889
0 0.800062 0.456749 0.020975 0.013745
0 0.799013 0.526337 0.018875 0.025761
0 0.090838 0.095062 0.028175 0.029218
0 0.163912 0.062407 0.011475 0.032634
0 0.204563 0.114733 0.015775 0.041399
0 0.268813 0.054671 0.010425 0.037819
0 0.277688 0.110514 0.013575 0.049835
0 0.339775 0.108807 0.008350 0.032675
0 0.350750 0.113951 0.007300 0.039506
0 0.420162 0.057243 0.012525 0.042963
0 0.563688 0.058107 0.013575 0.041235
0 0.624188 0.059856 0.011625 0.034362
0 0.635125 0.059835 0.008450 0.027490
0 0.684762 0.058128 0.011475 0.037819
0 0.699325 0.056399 0.009500 0.034362
0 0.718688 0.058971 0.008375 0.042963
0 0.727000 0.058107 0.008450 0.041235
0 0.770838 0.057243 0.012625 0.042963
0 0.424800 0.109650 0.009500 0.034362
0 0.443650 0.115679 0.011500 0.042963
0 0.485350 0.109753 0.009500 0.037613
0 0.496825 0.114815 0.009500 0.044691
0 0.531325 0.113107 0.011500 0.044650
0 0.625213 0.109650 0.011575 0.048107
0 0.635700 0.106193 0.007300 0.037901
0 0.718175 0.111379 0.009400 0.044650
0 0.155500 0.218765 0.015750 0.046420
0 0.151900 0.283189 0.010450 0.048107
0 0.198813 0.286646 0.012625 0.051564
0 0.212450 0.277202 0.008350 0.042963
0 0.405025 0.282346 0.017750 0.053251
0 0.533325 0.220473 0.011650 0.049835
0 0.626312 0.212757 0.017725 0.058436
0 0.661800 0.221337 0.015650 0.051564
0 0.449387 0.280617 0.012525 0.053251
0 0.580313 0.280638 0.011625 0.046379
0 0.602300 0.284918 0.015650 0.048107
0 0.672713 0.282263 0.010525 0.053416
0 0.195225 0.416358 0.015650 0.073868
0 0.222350 0.484239 0.015650 0.068724
0 0.347087 0.634568 0.014625 0.056708
0 0.779075 0.626152 0.017200 0.069012
0 0.781563 0.740473 0.013475 0.012798
0 0.294812 0.427078 0.009675 0.028313
0 0.334625 0.470412 0.011750 0.047819
0 0.389950 0.427963 0.008600 0.033621
0 0.413600 0.427860 0.008250 0.027160
0 0.470225 0.466337 0.009000 0.029218
0 0.512962 0.468519 0.008125 0.029630
0 0.593375 0.427140 0.009000 0.028436
0 0.607600 0.479568 0.012250 0.052716
0 0.698800 0.111399 0.010550 0.041235
0 0.748388 0.109671 0.011575 0.037778
0 0.771875 0.106214 0.008450 0.041235
0 0.163900 0.286646 0.009400 0.051564
0 0.225437 0.283210 0.013675 0.044691
0 0.485913 0.222202 0.012525 0.053292
0 0.685812 0.219630 0.015675 0.051523
0 0.475475 0.284918 0.016700 0.058395
0 0.520888 0.280638 0.011475 0.046379
0 0.626838 0.281481 0.014625 0.054979
0 0.719213 0.281481 0.015675 0.054979
0 0.734812 0.278045 0.011575 0.048107
0 0.754700 0.285782 0.011500 0.049835
0 0.153987 0.541790 0.033425 0.053292
0 0.374238 0.715329 0.012525 0.080782
0 0.389838 0.716193 0.014725 0.079053
0 0.427475 0.717922 0.016700 0.089342
0 0.539163 0.895761 0.031325 0.056708
0 0.577263 0.951605 0.038625 0.068724
0 0.641975 0.906049 0.017750 0.073909
0 0.664000 0.733745 0.021000 0.099588
0 0.621100 0.682675 0.049050 0.025761
0 0.541762 0.684403 0.036525 0.025761
0 0.503662 0.712757 0.020875 0.079012
0 0.537062 0.774609 0.031325 0.030947
0 0.541762 0.844198 0.040725 0.036049
0 0.508363 0.827860 0.017725 0.096214
0 0.430263 0.633230 0.020425 0.069012
0 0.486162 0.624383 0.018275 0.076091
0 0.494063 0.429012 0.010525 0.024691
0 0.520463 0.466543 0.007525 0.027654
0 0.536050 0.469506 0.009900 0.027654
0 0.631900 0.481337 0.012600 0.055103
0 0.656200 0.409959 0.015850 0.059259
0 0.707500 0.411132 0.016200 0.052140
0 0.638788 0.628807 0.020425 0.063704
0 0.750588 0.642078 0.009675 0.037160
0 0.758763 0.684177 0.045625 0.024733
0 0.250737 0.466893 0.016125 0.047778
0 0.272238 0.479280 0.016125 0.058395
0 0.363613 0.463436 0.013975 0.040864
0 0.368988 0.428930 0.011825 0.028477
0 0.583962 0.631461 0.022575 0.069012
0 0.412525 0.466893 0.010750 0.040700
0 0.423812 0.425309 0.011825 0.038930
0 0.437225 0.428889 0.007500 0.027572
0 0.462975 0.425802 0.008000 0.023868
0 0.655500 0.111379 0.009500 0.044650
0 0.676425 0.103642 0.007300 0.022346
0 0.687375 0.110514 0.010450 0.046379
0 0.604862 0.109650 0.008475 0.048107
0 0.614363 0.110535 0.008225 0.039506
0 0.667500 0.106214 0.008450 0.041235
0 0.802150 0.086461 0.018900 0.015473
0 0.801625 0.368251 0.017850 0.015432
0 0.800062 0.483292 0.020975 0.015638
0 0.799013 0.719630 0.018875 0.041235
0 0.796925 0.803827 0.010550 0.027490
0 0.088750 0.136296 0.026100 0.025761
0 0.136763 0.092490 0.013575 0.079053
0 0.152425 0.111379 0.011500 0.048107
0 0.227000 0.112140 0.014700 0.043128
0 0.279725 0.057263 0.009500 0.036091
0 0.295950 0.107942 0.018800 0.041235
0 0.341363 0.054671 0.013575 0.048107
0 0.399813 0.055535 0.013575 0.039547
0 0.528713 0.059835 0.012525 0.041235
0 0.496350 0.058992 0.008350 0.036091
0 0.541188 0.058971 0.010525 0.042963
0 0.604338 0.057263 0.011575 0.039547
0 0.665987 0.058107 0.011475 0.041235
0 0.749963 0.058128 0.012625 0.048107
0 0.391450 0.105370 0.009400 0.025802
0 0.411812 0.115679 0.012525 0.042963
0 0.463950 0.113971 0.008450 0.046379
0 0.476525 0.102798 0.008350 0.027490
0 0.519788 0.110514 0.007425 0.046379
0 0.551625 0.114835 0.010550 0.048107
0 0.563163 0.114815 0.010425 0.051523
0 0.574075 0.108724 0.011600 0.039671
0 0.594475 0.113971 0.010450 0.049835
