0 0.817375 0.060623 0.036450 0.027480
0 0.532075 0.421450 0.017450 0.020623
0 0.511462 0.469553 0.017425 0.017209
0 0.533650 0.643957 0.011100 0.022331
0 0.564575 0.789133 0.015850 0.017182
0 0.471037 0.340691 0.012675 0.010325
0 0.440138 0.309756 0.020625 0.017182
0 0.478962 0.180027 0.028525 0.022331
0 0.553462 0.668008 0.012675 0.022358
0 0.501150 0.341545 0.015850 0.015447
0 0.520925 0.507290 0.014350 0.013604
1 0.598637 0.375095 0.045975 0.037886
0 0.582000 0.698076 0.012700 0.024065
0 0.494825 0.406843 0.015850 0.018889
0 0.532087 0.564051 0.014325 0.020623
1 0.576450 0.406829 0.077650 0.063577
